8.825650800000000018e-01 -3.102266200000000085e-01 3.531794300000000164e-01 2.640572288753192387e-01 3.211477999999999833e-01 9.465391600000000460e-01 2.889591500000000118e-02 1.163684460252741998e-01 -3.432815699999999803e-01 8.792515099999999306e-02 9.350421399999999661e-01 -4.690555594056561306e-01 0.000000000000000000e+00 0.000000000000000000e+00 0.000000000000000000e+00 1.000000000000000000e+00
8.744711299999999854e-01 -3.319116500000000025e-01 3.535954099999999989e-01 3.335862377808633816e-01 3.353153500000000120e-01 9.405307200000000423e-01 5.358316400000000257e-02 1.364616018415474030e-01 -3.503716900000000134e-01 7.171355199999999985e-02 9.337940200000000024e-01 -5.389339534069568227e-01 0.000000000000000000e+00 0.000000000000000000e+00 0.000000000000000000e+00 1.000000000000000000e+00
8.547276900000000399e-01 -3.451028500000000165e-01 3.876047100000000190e-01 3.860599108792733269e-01 3.611160500000000217e-01 9.318717699999999882e-01 3.336616600000000266e-02 1.874779629513521340e-01 -3.727336199999999877e-01 1.114574499999999996e-01 9.211511599999999689e-01 -6.199872109763547856e-01 0.000000000000000000e+00 0.000000000000000000e+00 0.000000000000000000e+00 1.000000000000000000e+00
8.177225000000000188e-01 -3.665368299999999802e-01 4.437024600000000207e-01 4.072444731464376355e-01 4.055312899999999887e-01 9.139946700000000090e-01 7.658520200000000326e-03 2.672165620250987472e-01 -4.083718100000000018e-01 1.736815100000000112e-01 8.960674400000000484e-01 -7.015344212235627985e-01 0.000000000000000000e+00 0.000000000000000000e+00 0.000000000000000000e+00 1.000000000000000000e+00
7.671030199999999688e-01 -3.598793699999999762e-01 5.309657500000000141e-01 3.430197691580773589e-01 3.927426900000000054e-01 9.179593299999999623e-01 5.476377200000000223e-02 3.122775142930040992e-01 -5.071411099999999506e-01 1.665325599999999961e-01 8.455403999999999698e-01 -8.194913906792327118e-01 0.000000000000000000e+00 0.000000000000000000e+00 0.000000000000000000e+00 1.000000000000000000e+00
7.361208799999999774e-01 -3.349254999999999871e-01 5.880743899999999469e-01 2.595401427302180819e-01 3.555340499999999904e-01 9.307292099999999735e-01 8.503297699999999570e-02 3.381031591972122330e-01 -5.758491199999999921e-01 1.464943700000000126e-01 8.042367099999999658e-01 -9.223120688700187086e-01 0.000000000000000000e+00 0.000000000000000000e+00 0.000000000000000000e+00 1.000000000000000000e+00
6.960886099999999965e-01 -3.425047700000000139e-01 6.308944199999999558e-01 1.622616318430007420e-01 3.344291200000000241e-01 9.323264399999999785e-01 1.371556700000000073e-01 3.274604083943641886e-01 -6.352111700000000472e-01 1.155242499999999950e-01 7.635545099999999641e-01 -1.059964819586994622e+00 0.000000000000000000e+00 0.000000000000000000e+00 0.000000000000000000e+00 1.000000000000000000e+00
6.574853699999999579e-01 -3.359113899999999764e-01 6.743516299999999797e-01 5.277542882492802789e-02 3.317848700000000095e-01 9.326809600000000033e-01 1.411005300000000018e-01 4.073387006206360406e-01 -6.763904699999999659e-01 1.309761399999999909e-01 7.247025999999999746e-01 -1.100744822472990991e+00 0.000000000000000000e+00 0.000000000000000000e+00 0.000000000000000000e+00 1.000000000000000000e+00
6.688002899999999640e-01 -3.573225099999999821e-01 6.518403900000000473e-01 1.518594508499171436e-02 3.179923299999999897e-01 9.300859599999999894e-01 1.835788200000000037e-01 4.420668783754659881e-01 -6.719042699999999702e-01 8.450866499999999670e-02 7.356983400000000062e-01 -1.145671436775703267e+00 0.000000000000000000e+00 0.000000000000000000e+00 0.000000000000000000e+00 1.000000000000000000e+00
8.100161000000000167e-01 -3.443852700000000211e-01 4.744841200000000092e-01 1.970445307499334442e-01 2.862061300000000030e-01 9.385445700000000224e-01 1.925995799999999925e-01 4.521028475274304625e-01 -5.116872799999999666e-01 -2.020781500000000050e-02 8.588423699999999661e-01 -1.091746646440999058e+00 0.000000000000000000e+00 0.000000000000000000e+00 0.000000000000000000e+00 1.000000000000000000e+00
9.393382099999999513e-01 -2.435996400000000062e-01 2.411675299999999911e-01 4.307785134623751122e-01 2.114829400000000081e-01 9.655010699999999613e-01 1.515051900000000118e-01 4.264755027904464368e-01 -2.697770299999999732e-01 -9.131586599999999554e-02 9.584992500000000248e-01 -9.555343706432088968e-01 0.000000000000000000e+00 0.000000000000000000e+00 0.000000000000000000e+00 1.000000000000000000e+00
9.844829400000000286e-01 -1.398476700000000073e-01 1.053153200000000039e-01 5.239754952167330337e-01 1.287593200000000104e-01 9.859702000000000188e-01 1.055951200000000006e-01 3.660767384242903932e-01 -1.186201800000000056e-01 -9.040130700000000019e-02 9.887330500000000022e-01 -8.129756098966212097e-01 0.000000000000000000e+00 0.000000000000000000e+00 0.000000000000000000e+00 1.000000000000000000e+00
9.949583400000000522e-01 -7.769700100000000165e-02 6.224004200000000236e-02 5.058668786922568827e-01 7.020060000000000189e-02 9.908542599999999867e-01 1.146538299999999982e-01 2.695345707729096540e-01 -7.059156099999999712e-02 -1.097133500000000011e-01 9.913699000000000261e-01 -7.406632664478222106e-01 0.000000000000000000e+00 0.000000000000000000e+00 0.000000000000000000e+00 1.000000000000000000e+00
9.967754500000000073e-01 -3.427018600000000109e-02 7.151740800000000453e-02 4.349790746549271336e-01 2.672636700000000087e-02 9.941661400000000315e-01 1.038409299999999980e-01 1.943013068544063304e-01 -7.467154400000000636e-02 -1.016015599999999935e-01 9.919341200000000303e-01 -7.144684864748928055e-01 0.000000000000000000e+00 0.000000000000000000e+00 0.000000000000000000e+00 1.000000000000000000e+00
9.949856400000000045e-01 -3.305020200000000075e-02 9.359012499999999624e-02 3.303502307993090858e-01 2.020794299999999905e-02 9.905779399999999901e-01 1.349349499999999979e-01 1.233659026816535803e-01 -9.718216200000000249e-02 -1.323759300000000028e-01 9.863372400000000040e-01 -6.928158852747087204e-01 0.000000000000000000e+00 0.000000000000000000e+00 0.000000000000000000e+00 1.000000000000000000e+00
9.961917999999999607e-01 -2.546685900000000141e-02 8.245123199999999930e-02 2.499040160862747717e-01 1.088344899999999990e-02 9.848505300000000018e-01 1.726528999999999980e-01 4.296355103587724822e-02 -8.561272899999999852e-02 -1.711097199999999929e-01 9.814370900000000120e-01 -6.723708699127837196e-01 0.000000000000000000e+00 0.000000000000000000e+00 0.000000000000000000e+00 1.000000000000000000e+00
9.973011000000000514e-01 -4.398893899999999774e-02 5.742822599999999889e-02 1.674533994026916606e-01 3.529953599999999941e-02 9.888243700000000080e-01 1.443451199999999934e-01 2.574228415106454004e-02 -6.314840200000000625e-02 -1.419381899999999919e-01 9.877702000000000426e-01 -6.766623300195657720e-01 0.000000000000000000e+00 0.000000000000000000e+00 0.000000000000000000e+00 1.000000000000000000e+00
9.946770099999999726e-01 -7.431878100000000043e-02 7.025366299999999398e-02 5.625762193443158143e-02 6.546233599999999597e-02 9.904352400000000500e-01 1.208548799999999979e-01 2.212869402226837201e-02 -7.857696699999999757e-02 -1.156207199999999963e-01 9.900906099999999821e-01 -7.012452226692731383e-01 0.000000000000000000e+00 0.000000000000000000e+00 0.000000000000000000e+00 1.000000000000000000e+00
9.912248299999999457e-01 -9.917908899999999806e-02 8.645502500000000479e-02 -4.971227197734222336e-02 9.108104599999999884e-02 9.914129999999999887e-01 9.302176500000000625e-02 7.225699768518542565e-03 -9.495322400000000274e-02 -8.433712999999999627e-02 9.918109800000000087e-01 -7.211223550108253333e-01 0.000000000000000000e+00 0.000000000000000000e+00 0.000000000000000000e+00 1.000000000000000000e+00
9.948749500000000356e-01 -7.995150199999999374e-02 6.054581700000000177e-02 -1.358352160259150565e-01 7.737611199999999689e-02 9.959658399999999912e-01 4.370139199999999863e-02 1.940470900892563022e-02 -6.380833700000000663e-02 -3.879591799999999868e-02 9.971144199999999458e-01 -7.145503968057236310e-01 0.000000000000000000e+00 0.000000000000000000e+00 0.000000000000000000e+00 1.000000000000000000e+00
9.909210200000000413e-01 -9.894752499999999451e-02 9.008891900000000341e-02 -2.585760233827449350e-01 9.627129099999999495e-02 9.947096699999999903e-01 3.356012700000000210e-02 7.906128157898029835e-03 -9.294797500000000212e-02 -2.458468999999999932e-02 9.952722200000000408e-01 -6.795833539447663219e-01 0.000000000000000000e+00 0.000000000000000000e+00 0.000000000000000000e+00 1.000000000000000000e+00
9.756549599999999600e-01 -1.485578399999999966e-01 1.607974299999999912e-01 -4.104945923486076897e-01 1.430706200000000095e-01 9.885968600000000217e-01 4.522957300000000208e-02 -2.541600403398348862e-02 -1.657031900000000002e-01 -2.112467599999999848e-02 9.858517100000000477e-01 -6.174591142892525975e-01 0.000000000000000000e+00 0.000000000000000000e+00 0.000000000000000000e+00 1.000000000000000000e+00
9.750572400000000473e-01 -1.527717600000000064e-01 1.604691099999999981e-01 -5.033969801946698297e-01 1.438927399999999912e-01 9.873326399999999836e-01 6.561659999999999715e-02 -6.207436063494088663e-02 -1.684812499999999991e-01 -4.089257100000000256e-02 9.847570700000000121e-01 -5.820692934588493905e-01 0.000000000000000000e+00 0.000000000000000000e+00 0.000000000000000000e+00 1.000000000000000000e+00
9.791823600000000294e-01 -1.441606400000000066e-01 1.422812900000000047e-01 -5.901091395829044517e-01 1.379788399999999915e-01 9.889622300000000532e-01 5.242899799999999749e-02 -6.040123083423105943e-02 -1.482887300000000075e-01 -3.170822899999999750e-02 9.883349500000000454e-01 -5.707000051555792819e-01 0.000000000000000000e+00 0.000000000000000000e+00 0.000000000000000000e+00 1.000000000000000000e+00
9.869604100000000102e-01 -1.279533999999999949e-01 9.673796599999999468e-02 -6.655655581111549202e-01 1.293883299999999958e-01 9.914693799999999557e-01 -8.710339699999999907e-03 -3.802629483112104219e-02 -9.481453200000000692e-02 2.111470899999999887e-02 9.951687500000000464e-01 -5.990052383637108901e-01 0.000000000000000000e+00 0.000000000000000000e+00 0.000000000000000000e+00 1.000000000000000000e+00
9.829386500000000249e-01 -1.630301799999999968e-01 8.409189400000000036e-02 -7.557167393063307648e-01 1.701811099999999966e-01 9.815340000000000176e-01 -8.634733399999999781e-02 -6.476407557563970685e-03 -6.847630400000000173e-02 9.919235099999999805e-02 9.926052100000000156e-01 -6.205461539785691594e-01 0.000000000000000000e+00 0.000000000000000000e+00 0.000000000000000000e+00 1.000000000000000000e+00
9.795270000000000366e-01 -2.005381999999999998e-01 1.118471700000000027e-02 -8.009903565616949273e-01 2.008441400000000043e-01 9.776834199999999697e-01 -6.017098199999999786e-02 -8.208592362822307587e-03 1.122139500000000033e-03 6.119058299999999978e-02 9.980199899999999680e-01 -6.781835097203751106e-01 0.000000000000000000e+00 0.000000000000000000e+00 0.000000000000000000e+00 1.000000000000000000e+00
9.743719100000000077e-01 -2.177196899999999935e-01 -5.483749899999999788e-02 -8.272075123093934890e-01 2.150331099999999995e-01 9.751866500000000437e-01 -5.090531699999999854e-02 4.335053659457555053e-02 6.455557000000000656e-02 3.781247499999999817e-02 9.970895600000000414e-01 -7.138960228308304234e-01 0.000000000000000000e+00 0.000000000000000000e+00 0.000000000000000000e+00 1.000000000000000000e+00
9.767212899999999642e-01 -2.100777799999999917e-01 -4.110441000000000095e-02 -8.393969712235788139e-01 2.101734600000000064e-01 9.775679099999999844e-01 -1.968226200000000072e-03 1.176288888280335870e-01 4.058971599999999791e-02 -6.716621100000000344e-03 9.990442999999999962e-01 -7.173144917686616884e-01 0.000000000000000000e+00 0.000000000000000000e+00 0.000000000000000000e+00 1.000000000000000000e+00
9.606954500000000063e-01 -2.770143700000000098e-01 1.133575700000000012e-02 -8.276931174750354892e-01 2.757219399999999987e-01 9.589065300000000347e-01 6.548060499999999728e-02 1.033680535101841186e-01 -2.902069100000000124e-02 -5.978515699999999850e-02 9.976783999999999653e-01 -6.919905402171954156e-01 0.000000000000000000e+00 0.000000000000000000e+00 0.000000000000000000e+00 1.000000000000000000e+00
9.483550200000000485e-01 -3.042672299999999996e-01 8.855476199999999520e-02 -8.042805205862003648e-01 2.929553400000000085e-01 9.483343400000000534e-01 1.210267800000000005e-01 1.155897585710650433e-01 -1.208234400000000042e-01 -8.883976899999999899e-02 9.885773100000000424e-01 -6.519777411791486399e-01 0.000000000000000000e+00 0.000000000000000000e+00 0.000000000000000000e+00 1.000000000000000000e+00
9.330833600000000283e-01 -3.219381900000000130e-01 1.597042200000000078e-01 -7.566458501342602228e-01 2.967469099999999749e-01 9.408658100000000246e-01 1.628454900000000094e-01 1.116952592677085271e-01 -2.027129199999999909e-01 -1.045640600000000003e-01 9.735230799999999851e-01 -6.124728537407430062e-01 0.000000000000000000e+00 0.000000000000000000e+00 0.000000000000000000e+00 1.000000000000000000e+00
9.082343000000000499e-01 -3.342760799999999755e-01 2.513188100000000036e-01 -7.111961327539224609e-01 2.944414300000000040e-01 9.378219199999999756e-01 1.832953700000000130e-01 1.062471999920167054e-01 -2.969986499999999752e-01 -9.248289499999999552e-02 9.502679099999999934e-01 -5.628976577667053061e-01 0.000000000000000000e+00 0.000000000000000000e+00 0.000000000000000000e+00 1.000000000000000000e+00
8.818184700000000209e-01 -3.224086800000000030e-01 3.438561900000000060e-01 -6.611161707468614646e-01 2.751755399999999963e-01 9.443380200000000002e-01 1.797364200000000078e-01 1.189115950096931995e-01 -3.827078899999999950e-01 -6.387808899999999901e-02 9.215326299999999637e-01 -5.274015456134837354e-01 0.000000000000000000e+00 0.000000000000000000e+00 0.000000000000000000e+00 1.000000000000000000e+00
8.984189599999999887e-01 -2.673468900000000037e-01 3.480724099999999988e-01 -5.566148221569648946e-01 2.348196999999999923e-01 9.627434000000000269e-01 1.333505399999999896e-01 1.601386120193702134e-01 -3.707978399999999897e-01 -3.807266799999999701e-02 9.278058999999999612e-01 -5.630965824223873595e-01 0.000000000000000000e+00 0.000000000000000000e+00 0.000000000000000000e+00 1.000000000000000000e+00
9.363809199999999500e-01 -1.795062600000000008e-01 3.012488199999999727e-01 -4.111072352695009924e-01 1.711684499999999998e-01 9.836519999999999708e-01 5.407103900000000130e-02 2.471426578108565086e-01 -3.060680599999999751e-01 9.335244499999999657e-04 9.518831399999999610e-01 -6.329754743704725239e-01 0.000000000000000000e+00 0.000000000000000000e+00 0.000000000000000000e+00 1.000000000000000000e+00
9.573258199999999940e-01 -1.001497400000000010e-01 2.706965499999999802e-01 -2.838366239058252027e-01 1.064241400000000004e-01 9.941785899999999732e-01 -8.569713700000000309e-03 3.042838361880675913e-01 -2.682977899999999805e-01 3.701555699999999755e-02 9.624978299999999987e-01 -6.933199365893192301e-01 0.000000000000000000e+00 0.000000000000000000e+00 0.000000000000000000e+00 1.000000000000000000e+00
9.586618500000000376e-01 -8.375766900000000681e-02 2.715302399999999783e-01 -2.331071692578974841e-01 9.059638500000000150e-02 9.957000599999999979e-01 -1.273443399999999934e-02 3.163211972928882676e-01 -2.693318100000000048e-01 3.681043900000000035e-02 9.622156600000000282e-01 -7.177328196184731279e-01 0.000000000000000000e+00 0.000000000000000000e+00 0.000000000000000000e+00 1.000000000000000000e+00
9.536558400000000324e-01 -6.019687299999999797e-02 2.944261100000000186e-01 -1.710330703033780542e-01 5.308470500000000286e-02 9.979660500000000489e-01 3.208249099999999771e-02 2.731285664840728544e-01 -2.957972300000000221e-01 -1.496852800000000004e-02 9.550007600000000041e-01 -8.016545275099463685e-01 0.000000000000000000e+00 0.000000000000000000e+00 0.000000000000000000e+00 1.000000000000000000e+00
9.409332900000000333e-01 -8.868411199999999550e-02 3.264144700000000121e-01 -1.669423284440861299e-01 8.775194699999999681e-02 9.958767899999999562e-01 1.760250899999999882e-02 3.112955963418523875e-01 -3.266719299999999993e-01 1.208127999999999980e-02 9.449244100000000479e-01 -8.814427305324713524e-01 0.000000000000000000e+00 0.000000000000000000e+00 0.000000000000000000e+00 1.000000000000000000e+00
9.232819700000000074e-01 -1.308783000000000030e-01 3.608101599999999909e-01 -1.634212417978833654e-01 1.209513299999999958e-01 9.912828799999999774e-01 5.005767900000000076e-02 3.247126630467986330e-01 -3.642630000000000035e-01 -2.577318099999999917e-03 9.311525800000000075e-01 -9.679347141916943009e-01 0.000000000000000000e+00 0.000000000000000000e+00 0.000000000000000000e+00 1.000000000000000000e+00
8.902210600000000085e-01 -1.276381799999999900e-01 4.370063499999999879e-01 -1.546013163163618698e-01 1.216355999999999965e-01 9.915791200000000361e-01 4.182301800000000347e-02 3.409624906960147528e-01 -4.387188000000000199e-01 1.592518600000000090e-02 8.983364700000000536e-01 -1.019240949738590141e+00 0.000000000000000000e+00 0.000000000000000000e+00 0.000000000000000000e+00 1.000000000000000000e+00
9.072073099999999890e-01 -1.063586200000000009e-01 4.067160200000000114e-01 -1.698547691762647416e-02 1.133710899999999938e-01 9.934129699999999508e-01 6.892096300000000002e-03 3.681396483130717767e-01 -4.048215399999999797e-01 3.986093799999999854e-02 9.133800899999999778e-01 -1.058493904962955368e+00 0.000000000000000000e+00 0.000000000000000000e+00 0.000000000000000000e+00 1.000000000000000000e+00
9.314973399999999515e-01 -9.622053799999999435e-02 3.504390099999999952e-01 1.521628655405800612e-01 9.846707400000000165e-02 9.949572700000000047e-01 1.144205499999999959e-02 3.646066682536374115e-01 -3.498192099999999916e-01 2.385037799999999847e-02 9.363688199999999906e-01 -1.071293802092194047e+00 0.000000000000000000e+00 0.000000000000000000e+00 0.000000000000000000e+00 1.000000000000000000e+00
8.781769299999999667e-01 -1.040520199999999951e-01 4.666098100000000137e-01 1.105622720900724110e-01 1.086784999999999973e-01 9.938102399999999559e-01 1.707032299999999836e-02 3.713081249261517280e-01 -4.655568600000000168e-01 3.572299300000000150e-02 8.841399599999999470e-01 -1.086033384269128543e+00 0.000000000000000000e+00 0.000000000000000000e+00 0.000000000000000000e+00 1.000000000000000000e+00
8.605827099999999730e-01 -1.377887999999999891e-01 4.900522800000000068e-01 1.646540708522621355e-01 1.461899899999999919e-01 9.889025700000000363e-01 2.131889799999999932e-02 3.958915075123254912e-01 -4.876145700000000249e-01 5.329982199999999670e-02 8.712682099999999874e-01 -1.129132630103768742e+00 0.000000000000000000e+00 0.000000000000000000e+00 0.000000000000000000e+00 1.000000000000000000e+00
8.969984699999999922e-01 -1.085558199999999973e-01 4.281880299999999973e-01 3.361809253775634443e-01 1.193739000000000050e-01 9.927223899999999546e-01 1.596945200000000073e-03 4.220152987350881957e-01 -4.253026799999999885e-01 4.968721799999999827e-02 9.035273200000000227e-01 -1.184037786933489711e+00 0.000000000000000000e+00 0.000000000000000000e+00 0.000000000000000000e+00 1.000000000000000000e+00
9.137279400000000162e-01 -8.285707999999999962e-02 3.974525300000000261e-01 4.615039197600700471e-01 9.545184700000000633e-02 9.952347900000000358e-01 -1.197251000000000044e-02 4.490634259970288089e-01 -3.946214900000000192e-01 4.888210800000000050e-02 9.173841499999999538e-01 -1.241105194138352408e+00 0.000000000000000000e+00 0.000000000000000000e+00 0.000000000000000000e+00 1.000000000000000000e+00
9.196532400000000385e-01 -4.208976400000000173e-02 3.901208600000000137e-01 5.057076656857197872e-01 9.007235600000000619e-02 9.902000399999999480e-01 -1.055101199999999989e-01 5.909428871999208299e-01 -3.819115499999999885e-01 1.321861599999999970e-01 9.145348699999999997e-01 -1.276286240705550856e+00 0.000000000000000000e+00 0.000000000000000000e+00 0.000000000000000000e+00 1.000000000000000000e+00
9.380677299999999885e-01 7.654435999999999705e-04 3.460488299999999739e-01 5.465665078043502323e-01 4.055916100000000329e-02 9.927300199999999908e-01 -1.121545000000000042e-01 5.982453634754151262e-01 -3.436696499999999932e-01 1.192567400000000000e-01 9.313245999999999469e-01 -1.344656274730078538e+00 0.000000000000000000e+00 0.000000000000000000e+00 0.000000000000000000e+00 1.000000000000000000e+00
9.720442900000000330e-01 7.046712199999999315e-02 2.233362299999999967e-01 7.014049546460104922e-01 -2.975536100000000100e-02 9.829593300000000200e-01 -1.806541200000000014e-01 6.743429677997732075e-01 -2.322989699999999935e-01 1.689768700000000012e-01 9.576911900000000255e-01 -1.291174015928306495e+00 0.000000000000000000e+00 0.000000000000000000e+00 0.000000000000000000e+00 1.000000000000000000e+00
9.887221499999999663e-01 1.463646899999999917e-01 -2.673803300000000133e-02 9.927463884063256749e-01 -1.487911600000000056e-01 9.721198100000000286e-01 -1.804627299999999879e-01 6.217597633251797928e-01 -4.312534599999999908e-04 1.824256200000000105e-01 9.830574399999999491e-01 -1.132267842047804285e+00 0.000000000000000000e+00 0.000000000000000000e+00 0.000000000000000000e+00 1.000000000000000000e+00
9.272578999999999683e-01 2.238687299999999880e-01 -2.996307000000000276e-01 1.295574718825193594e+00 -2.603554399999999935e-01 9.614023600000000114e-01 -8.738950600000000568e-02 3.887848795663786383e-01 2.685267299999999913e-01 1.590598699999999921e-01 9.498771999999999771e-01 -8.477055838972294977e-01 0.000000000000000000e+00 0.000000000000000000e+00 0.000000000000000000e+00 1.000000000000000000e+00
8.401398100000000424e-01 2.711235300000000015e-01 -4.694184100000000082e-01 1.364734577549316707e+00 -3.296312100000000078e-01 9.428651900000000197e-01 -4.537338400000000271e-02 2.824734104812735014e-01 4.303441000000000072e-01 1.928761599999999909e-01 8.816293499999999783e-01 -6.497137959310889110e-01 0.000000000000000000e+00 0.000000000000000000e+00 0.000000000000000000e+00 1.000000000000000000e+00
6.758643399999999524e-01 3.165120200000000050e-01 -6.653668299999999647e-01 1.443307047873755078e+00 -3.485489500000000240e-01 9.328298000000000423e-01 8.970020700000000402e-02 1.069073562368761249e-01 6.491451900000000386e-01 1.713072700000000115e-01 7.408922900000000089e-01 -2.701354265337039262e-01 0.000000000000000000e+00 0.000000000000000000e+00 0.000000000000000000e+00 1.000000000000000000e+00
7.586931599999999776e-01 2.686076199999999914e-01 -5.932195200000000002e-01 1.344215767605154266e+00 -2.287719800000000137e-01 9.627118700000000251e-01 1.433321800000000035e-01 1.477784557051259884e-01 6.096749900000000277e-01 2.696758700000000120e-02 7.919696600000000197e-01 -3.458303225852920604e-01 0.000000000000000000e+00 0.000000000000000000e+00 0.000000000000000000e+00 1.000000000000000000e+00
8.210496900000000542e-01 2.374131700000000067e-01 -5.188294599999999646e-01 1.211453063088506532e+00 -1.977008700000000008e-01 9.712335500000000010e-01 1.315748099999999865e-01 1.663102506964722616e-01 5.352070899999999964e-01 -5.459816200000000216e-03 8.444924400000000109e-01 -4.317427864957801287e-01 0.000000000000000000e+00 0.000000000000000000e+00 0.000000000000000000e+00 1.000000000000000000e+00
8.639611600000000058e-01 2.326606499999999966e-01 -4.462162000000000073e-01 1.079384524883256091e+00 -2.039102200000000031e-01 9.723784300000000158e-01 1.122038999999999953e-01 1.515687822389460149e-01 4.600506999999999791e-01 -5.955296100000000148e-03 8.876705200000000184e-01 -4.765699358578428524e-01 0.000000000000000000e+00 0.000000000000000000e+00 0.000000000000000000e+00 1.000000000000000000e+00
8.996044399999999497e-01 2.144683699999999915e-01 -3.799734699999999799e-01 9.418454880690527720e-01 -1.817018499999999981e-01 9.757720199999999622e-01 1.205768400000000046e-01 1.348752330230054697e-01 3.966734399999999883e-01 -3.943777799999999972e-02 9.169143400000000499e-01 -5.250290119252344345e-01 0.000000000000000000e+00 0.000000000000000000e+00 0.000000000000000000e+00 1.000000000000000000e+00
9.394955000000000389e-01 1.994927800000000084e-01 -2.778724699999999825e-01 7.851369296275870768e-01 -1.707684499999999883e-01 9.772818699999999970e-01 1.242595400000000017e-01 1.082760273232916959e-01 2.963803099999999802e-01 -6.930187299999999995e-02 9.523606300000000413e-01 -5.787353230114727909e-01 0.000000000000000000e+00 0.000000000000000000e+00 0.000000000000000000e+00 1.000000000000000000e+00
9.495129599999999614e-01 2.028619600000000078e-01 -2.386060100000000073e-01 6.666524450497144372e-01 -1.752670899999999865e-01 9.754810900000000506e-01 1.319054699999999969e-01 7.595848044854029701e-02 2.595405900000000154e-01 -8.344079599999999763e-02 9.619297999999999460e-01 -5.768735892357053086e-01 0.000000000000000000e+00 0.000000000000000000e+00 0.000000000000000000e+00 1.000000000000000000e+00
9.623473299999999453e-01 1.997681900000000121e-01 -1.834100499999999911e-01 5.497179420984146248e-01 -1.775007999999999864e-01 9.752154400000000445e-01 1.308729899999999946e-01 5.178098777248883733e-02 2.050269700000000028e-01 -9.340609599999999402e-02 9.740994600000000281e-01 -5.604671652312748220e-01 0.000000000000000000e+00 0.000000000000000000e+00 0.000000000000000000e+00 1.000000000000000000e+00
9.866239999999999455e-01 1.294970099999999957e-01 -9.725771800000000689e-02 4.146420177000071927e-01 -1.239560499999999982e-01 9.902437899999999571e-01 6.106756299999999832e-02 8.153408139206742844e-02 1.042202599999999951e-01 -4.820394900000000288e-02 9.931982200000000205e-01 -5.319855689017054523e-01 0.000000000000000000e+00 0.000000000000000000e+00 0.000000000000000000e+00 1.000000000000000000e+00
9.907263499999999778e-01 1.315155899999999878e-01 -2.857359300000000130e-02 3.149149328598543351e-01 -1.294380900000000056e-01 9.892618699999999876e-01 6.542072399999999954e-02 5.076106067966763835e-02 3.686413899999999716e-02 -6.112654900000000224e-02 9.972603899999999966e-01 -4.813125404581035105e-01 0.000000000000000000e+00 0.000000000000000000e+00 0.000000000000000000e+00 1.000000000000000000e+00
9.949861800000000533e-01 8.770629800000000198e-02 4.425695500000000060e-02 1.782125266473071901e-01 -9.017236500000000432e-02 9.941237600000000230e-01 5.706764400000000070e-02 4.852820000762768371e-02 -3.900964199999999715e-02 -6.078285700000000263e-02 9.971978700000000417e-01 -4.876134864878814423e-01 0.000000000000000000e+00 0.000000000000000000e+00 0.000000000000000000e+00 1.000000000000000000e+00
9.929721400000000031e-01 5.866818499999999770e-02 1.010402400000000034e-01 9.870496658671276680e-02 -6.034507199999999960e-02 9.979185499999999598e-01 1.357152099999999958e-02 6.149937902698766196e-02 -1.000610299999999953e-01 -1.957747500000000043e-02 9.945962999999999887e-01 -5.053102824687772943e-01 0.000000000000000000e+00 0.000000000000000000e+00 0.000000000000000000e+00 1.000000000000000000e+00
